1: [105]
2: [8, 76]
3: [84, 183, 89]
4: [143, 88, 84, 76]
5: [72, 15, 52, 66, 17]
6: [102, 52, 37, 79, 34, 96]
7: [81, 104, 59, 169, 22, 143, 64]
8: [97, 67, 132, 102, 41, 84, 5, 85]
9: [80, 50, 81, 55, 138, 161, 84, 51, 5]
10: [28, 94, 4, 29, 78, 80, 64, 50, 77, 1573]
11: [42, 138, 1, 23, 33, 185, 86, 74, 3, 70, 72]
12: [46, 103, 127, 57, 84, 122, 79, 97, 104, 75, 128, 82]
13: [66, 134, 148, 107, 87, 203, 85, 80, 176, 100, 62, 51, 7]
14: [145, 60, 95, 59, 60, 14, 50, 36, 82, 101, 15, 59, 46, 128]
15: [104, 84, 185, 30, 13, 60, 106, 90, 54, 102, 198, 101, 85, 91, 35]
16: [102, 50, 22, 130, 57, 36, 89, 112, 131, 33, 60, 63, 110, 72, 79, 66]
17: [96, 62, 27, 70, 127, 13, 71, 17, 22, 17, 55, 57, 62, 103, 95, 19, 66]
18: [120, 141, 145, 44, 48, 71, 83, 69, 152, 120, 14, 6, 113, 130, 169, 36, 106, 81]
19: [145, 23, 85, 100, 117, 103, 77, 77, 81, 57, 49, 42, 73, 6, 108, 67, 92, 53, 236]
20: [121, 125, 1542, 54, 47, 89, 152, 50, 60, 109, 78, 70, 47, 44, 23, 184, 94, 80, 54, 67]
21: [111, 92, 55, 33, 9, 90, 6, 216, 25, 106, 20, 84, 123, 74, 5, 111, 90, 92, 127, 175, 86]
22: [45, 39, 125, 99, 236, 115, 68, 76, 99, 139, 46, 147, 112, 376, 92, 159, 58, 96, 120, 98, 1520, 66]
23: [88, 65, 61, 18, 62, 101, 31, 32, 20, 7, 99, 116, 48, 332, 145, 107, 26, 160, 87, 5, 98, 139, 78]
24: [74, 45, 47, 128, 32, 69, 66, 100, 72, 140, 106, 97, 137, 68, 101, 99, 81, 99, 60, 105, 77, 100, 77, 44]
25: [33, 34, 115, 59, 146, 148, 43, 223, 94, 38, 92, 69, 84, 92, 58, 88, 132, 187, 8, 103, 31, 87, 63, 111, 26]
26: [20, 154, 43, 13, 66, 59, 79, 130, 89, 88, 53, 83, 83, 55, 98, 36, 111, 80, 55, 91, 73, 50, 79, 25, 93, 168]
27: [69, 69, 96, 7, 70, 28, 79, 74, 127, 66, 241, 79, 79, 15, 94, 103, 70, 60, 145, 6, 44, 89, 6, 61, 36, 64, 106]
28: [65, 82, 55, 75, 12, 119, 135, 69, 98, 73, 30, 176, 63, 87, 79, 82, 85, 53, 1, 16, 69, 25, 62, 71, 90, 22, 20, 54]
29: [3, 80, 90, 104, 75, 70, 2, 137, 208, 92, 48, 52, 74, 77, 146, 42, 44, 20, 47, 283, 106, 74, 55, 76, 23, 87, 17, 23, 86]
30: [169, 76, 4, 22, 23, 43, 109, 182, 97, 122, 134, 86, 59, 1, 44, 44, 58, 102, 77, 72, 9, 180, 120, 119, 10, 97, 6, 152, 69, 149]
31: [14, 75, 5, 52, 75, 162, 57, 150, 232, 42, 15, 144, 99, 96, 80, 140, 60, 53, 92, 19, 77, 79, 101, 137, 103, 108, 24, 67, 93, 274, 70]
32: [113, 93, 136, 111, 97, 93, 65, 95, 45, 75, 7, 120, 127, 67, 31, 99, 80, 65, 102, 101, 56, 82, 1, 124, 63, 94, 63, 118, 33, 47, 82, 58]
33: [82, 41, 70, 63, 44, 150, 118, 37, 89, 120, 30, 55, 61, 144, 61, 99, 82, 57, 32, 88, 155, 40, 96, 57, 97, 83, 120, 75, 75, 79, 3, 108, 42]
34: [106, 23, 62, 67, 80, 117, 81, 75, 71, 44, 44, 67, 24, 76, 13, 56, 31, 86, 75, 13, 78, 99, 73, 140, 46, 50, 115, 72, 29, 81, 132, 118, 75, 82]
35: [290, 75, 127, 105, 102, 35, 79, 135, 128, 56, 104, 7, 159, 60, 130, 72, 34, 11, 64, 45, 122, 85, 9, 46, 99, 65, 56, 5, 120, 45, 85, 100, 85, 79, 70]
36: [116, 176, 82, 80, 178, 121, 52, 77, 126, 79, 140, 159, 53, 160, 80, 43, 77, 127, 55, 18, 74, 103, 71, 82, 44, 80, 120, 132, 56, 107, 81, 46, 55, 102, 3, 79]
37: [7, 37, 17, 99, 66, 66, 72, 85, 48, 55, 11, 62, 105, 6, 65, 160, 54, 73, 122, 70, 26, 101, 83, 96, 72, 37, 22, 54, 87, 54, 124, 61, 45, 93, 71, 27, 39]
38: [89, 83, 92, 95, 79, 129, 68, 105, 208, 23, 52, 125, 49, 63, 186, 70, 59, 66, 42, 127, 204, 74, 23, 58, 78, 134, 76, 33, 106, 78, 90, 96, 21, 117, 69, 138, 143, 82]
39: [70, 106, 103, 49, 41, 132, 201, 41, 95, 65, 61, 157, 112, 112, 70, 120, 68, 4, 165, 9, 114, 81, 41, 3, 53, 120, 14, 186, 70, 95, 102, 81, 112, 86, 75, 95, 61, 45, 68]
40: [92, 48, 89, 113, 78, 53, 155, 194, 76, 66, 71, 923, 48, 108, 86, 81, 44, 67, 1380, 127, 124, 28, 84, 152, 157, 63, 89, 54, 32, 68, 31, 498, 15, 94, 25, 96, 164, 93, 718, 52]
41: [28, 52, 87, 95, 223, 208, 9, 66, 9, 6, 72, 78, 154, 135, 7, 99, 52, 42, 59, 117, 79, 69, 128, 66, 98, 103, 99, 70, 136, 14, 131, 81, 62, 74, 30, 42, 11, 70, 93, 80, 88]
42: [146, 13, 36, 40, 51, 87, 111, 82, 33, 5, 75, 180, 9, 47, 184, 196, 106, 99, 51, 65, 102, 45, 119, 26, 42, 49, 65, 60, 53, 27, 43, 72, 141, 74, 12, 74, 123, 79, 78, 77, 84, 1630]
43: [82, 45, 50, 93, 105, 104, 4, 56, 79, 133, 4, 210, 94, 70, 144, 139, 38, 77, 6, 74, 104, 75, 123, 98, 106, 92, 90, 29, 79, 28, 90, 110, 52, 95, 190, 82, 108, 155, 67, 117, 74, 35, 19]
44: [108, 31, 75, 18, 62, 75, 47, 72, 83, 88, 113, 57, 38, 57, 47, 110, 103, 67, 69, 85, 147, 102, 73, 8, 117, 184, 33, 36, 28, 22, 76, 89, 79, 128, 32, 16, 99, 174, 66, 102, 104, 71, 62, 37]
45: [92, 114, 19, 45, 89, 68, 53, 101, 93, 80, 97, 164, 116, 59, 88, 34, 103, 62, 94, 40, 183, 151, 113, 32, 109, 80, 1, 88, 66, 21, 68, 113, 47, 22, 134, 128, 103, 175, 27, 4, 91, 55, 87, 112, 22]
46: [96, 157, 62, 89, 62, 59, 110, 97, 5, 108, 44, 1638, 1590, 70, 65, 99, 99, 60, 76, 66, 83, 77, 69, 12, 82, 84, 5, 65, 201, 82, 87, 6, 68, 72, 81, 46, 87, 77, 86, 269, 37, 78, 169, 74, 92, 186]
47: [83, 90, 121, 64, 43, 85, 85, 142, 67, 95, 85, 91, 125, 75, 82, 58, 78, 70, 30, 108, 57, 96, 95, 95, 51, 79, 118, 92, 62, 91, 60, 39, 114, 167, 70, 71, 1, 183, 98, 102, 79, 96, 65, 26, 78, 72, 218]
48: [46, 11, 95, 128, 19, 54, 49, 133, 102, 184, 69, 57, 55, 74, 69, 56, 28, 79, 65, 67, 28, 50, 102, 90, 108, 131, 49, 104, 9, 53, 46, 34, 67, 49, 73, 78, 93, 69, 184, 102, 43, 34, 39, 32, 81, 116, 83, 130]
49: [26, 72, 68, 134, 88, 122, 77, 140, 122, 61, 27, 27, 65, 75, 74, 139, 84, 17, 45, 61, 37, 125, 94, 96, 63, 24, 82, 92, 72, 57, 83, 69, 74, 67, 109, 107, 161, 73, 43, 62, 55, 66, 56, 98, 86, 17, 74, 22, 91]
50: [96, 90, 95, 139, 61, 86, 38, 119, 76, 32, 67, 13, 63, 90, 59, 82, 81, 69, 182, 55, 124, 57, 33, 96, 30, 93, 94, 97, 30, 154, 62, 32, 65, 3, 49, 122, 41, 3, 109, 66, 63, 101, 75, 58, 104, 144, 86, 39, 84, 76]
51: [81, 43, 63, 99, 60, 64, 90, 48, 140, 48, 60, 199, 109, 26, 144, 41, 60, 9, 58, 32, 87, 86, 39, 63, 70, 79, 118, 8, 54, 23, 137, 71, 90, 98, 51, 56, 82, 90, 96, 55, 103, 57, 49, 2, 122, 3, 63, 88, 58, 57, 22]
52: [13, 55, 44, 61, 45, 59, 94, 35, 101, 194, 56, 100, 42, 41, 77, 308, 125, 105, 25, 125, 71, 80, 1415, 69, 57, 76, 76, 73, 29, 25, 79, 15, 62, 58, 62, 81, 212, 87, 102, 57, 43, 19, 91, 89, 149, 134, 130, 10, 84, 104, 143, 127]
53: [74, 186, 84, 47, 62, 103, 157, 103, 408, 217, 34, 8, 12, 60, 190, 56, 141, 47, 84, 109, 81, 58, 138, 92, 168, 164, 55, 48, 71, 67, 30, 136, 82, 102, 12, 68, 18, 76, 70, 54, 117, 8, 52, 63, 146, 66, 80, 71, 74, 62, 108, 47, 154]
54: [40, 97, 98, 51, 68, 38, 58, 74, 73, 65, 74, 78, 59, 103, 42, 52, 86, 99, 8, 79, 65, 86, 82, 96, 81, 93, 120, 28, 68, 139, 43, 22, 52, 38, 27, 43, 97, 52, 252, 48, 74, 150, 60, 57, 76, 78, 65, 3, 41, 58, 56, 4, 104, 140]
55: [96, 79, 53, 124, 83, 107, 94, 99, 1636, 94, 33, 53, 88, 122, 102, 232, 79, 74, 57, 40, 78, 124, 59, 78, 63, 47, 74, 85, 67, 117, 92, 116, 103, 103, 111, 79, 62, 108, 90, 61, 29, 60, 160, 1668, 71, 56, 85, 31, 97, 107, 45, 142, 35, 69, 69]
56: [26, 34, 163, 86, 54, 6, 73, 46, 53, 55, 60, 93, 15, 251, 75, 51, 78, 20, 84, 39, 88, 84, 61, 53, 117, 52, 72, 3, 14, 89, 33, 38, 19, 94, 122, 126, 72, 52, 49, 38, 90, 65, 88, 77, 37, 78, 85, 28, 100, 130, 74, 54, 61, 99, 119, 53]
57: [127, 101, 69, 103, 16, 10, 18, 70, 22, 84, 76, 81, 75, 21, 65, 105, 46, 76, 74, 74, 107, 87, 25, 85, 58, 65, 84, 113, 148, 200, 5, 21, 86, 113, 82, 152, 136, 100, 59, 117, 66, 67, 97, 72, 9, 59, 40, 131, 46, 88, 40, 87, 40, 13, 416, 37, 149]
58: [72, 81, 279, 84, 218, 7, 34, 64, 337, 71, 5, 95, 141, 66, 111, 155, 74, 69, 110, 9, 4, 98, 91, 466, 58, 73, 72, 99, 94, 35, 66, 146, 61, 66, 80, 175, 2, 81, 120, 139, 20, 86, 80, 71, 55, 309, 70, 65, 34, 50, 62, 60, 105, 108, 16, 104, 59, 79]
59: [89, 68, 87, 101, 48, 133, 152, 104, 59, 934, 153, 51, 75, 80, 88, 129, 79, 416, 155, 3, 72, 105, 44, 45, 59, 109, 79, 89, 112, 102, 72, 156, 4, 78, 77, 318, 57, 57, 45, 47, 85, 154, 56, 45, 73, 115, 59, 30, 62, 183, 93, 37, 69, 74, 3, 106, 78, 78, 32]
60: [117, 93, 65, 141, 69, 50, 27, 72, 95, 69, 52, 79, 160, 206, 43, 68, 187, 79, 181, 10, 152, 23, 79, 82, 156, 81, 117, 3, 27, 16, 40, 110, 35, 29, 58, 54, 36, 70, 113, 55, 64, 55, 75, 46, 86, 101, 1060, 120, 123, 51, 127, 22, 79, 79, 98, 82, 35, 34, 10, 120]
61: [130, 122, 67, 100, 49, 60, 154, 55, 59, 127, 71, 91, 94, 91, 63, 12, 68, 109, 59, 56, 74, 91, 129, 88, 84, 44, 38, 77, 131, 80, 65, 62, 180, 76, 100, 79, 105, 69, 112, 57, 111, 134, 98, 32, 171, 124, 88, 116, 14, 66, 22, 31, 31, 121, 58, 78, 169, 93, 15, 94, 130]
62: [154, 36, 86, 91, 3, 86, 70, 57, 101, 72, 60, 152, 91, 88, 83, 52, 18, 79, 46, 49, 92, 19, 79, 29, 72, 101, 60, 45, 111, 58, 80, 55, 12, 111, 87, 186, 87, 9, 68, 72, 142, 107, 24, 85, 72, 61, 41, 50, 107, 54, 87, 162, 92, 69, 45, 158, 85, 68, 76, 73, 35, 71]
63: [62, 166, 20, 94, 82, 108, 91, 162, 84, 15, 72, 176, 31, 87, 41, 115, 92, 19, 84, 64, 25, 114, 123, 88, 124, 185, 62, 83, 92, 93, 64, 127, 320, 98, 31, 55, 92, 76, 84, 125, 60, 71, 11, 54, 68, 53, 89, 134, 107, 72, 84, 18, 96, 84, 62, 159, 96, 111, 14, 74, 87, 61, 36]
